Row Labels,Not a student,Student,(blank),TotalStu
E00073143,286,55,,341
E00073145,275,121,,396
E00073147,366,138,,504
E00073148,230,57,,287
E00073150,369,76,,445
E00073152,274,102,,376
E00073153,382,107,,489
E00073154,253,105,,358
E00073155,269,79,,348
E00073156,218,52,,270
E00073157,289,113,,402
E00073158,274,49,,323
E00073159,233,82,,315
E00073160,320,65,,385
E00073161,293,65,,358
E00073162,277,105,,382
E00073163,226,95,,321
E00073164,250,31,,281
E00073165,203,129,,332
E00073166,224,47,,271
E00073167,343,71,,414
E00073168,287,68,,355
E00073169,370,80,,450
E00073170,342,222,,564
E00073171,379,105,,484
E00073172,233,62,,295
E00073173,244,58,,302
E00073174,254,48,,302
E00073176,260,74,,334
E00073177,236,91,,327
E00073178,246,92,,338
E00073179,267,52,,319
E00073181,330,127,,457
E00073182,313,115,,428
E00073183,258,49,,307
E00073184,246,75,,321
E00073185,264,73,,337
E00073186,226,50,,276
E00073187,281,73,,354
E00073188,203,52,,255
E00073189,229,58,,287
E00073190,312,83,,395
E00073191,204,49,,253
E00073192,209,45,,254
E00073193,276,56,,332
E00073194,213,88,,301
E00073195,257,64,,321
E00073196,185,31,,216
E00073197,306,50,,356
E00073198,183,15,,198
E00073199,206,65,,271
E00073200,222,60,,282
E00073201,204,35,,239
E00073202,263,42,,305
E00073203,239,35,,274
E00073204,240,42,,282
E00073205,314,52,,366
E00073206,338,95,,433
E00073207,245,35,,280
E00073208,202,34,,236
E00073209,214,62,,276
E00073210,299,54,,353
E00073211,407,76,,483
E00073212,318,51,,369
E00073213,290,35,,325
E00073214,291,88,,379
E00073215,163,104,,267
E00073216,219,103,,322
E00073217,258,46,,304
E00073218,285,83,,368
E00073219,204,110,,314
E00073220,266,74,,340
E00073221,236,41,,277
E00073222,286,92,,378
E00073223,259,47,,306
E00073224,261,26,,287
E00073225,339,46,,385
E00073226,219,23,,242
E00073227,223,21,,244
E00073228,274,48,,322
E00073229,250,41,,291
E00073230,268,59,,327
E00073231,333,80,,413
E00073232,248,40,,288
E00073233,221,69,,290
E00073234,244,34,,278
E00073236,215,52,,267
E00073237,271,30,,301
E00073238,240,30,,270
E00073239,399,40,,439
E00073240,313,61,,374
E00073241,232,31,,263
E00073242,220,27,,247
E00073243,271,58,,329
E00073245,281,62,,343
E00073246,257,59,,316
E00073247,253,57,,310
E00073248,246,38,,284
E00073249,224,19,,243
E00073250,409,55,,464
E00073251,323,33,,356
E00073252,272,42,,314
E00073253,381,99,,480
E00073254,274,36,,310
E00073255,344,52,,396
E00073256,293,46,,339
E00073257,293,81,,374
E00073258,303,65,,368
E00073259,217,32,,249
E00073260,255,38,,293
E00073261,262,65,,327
E00073262,191,39,,230
E00073263,267,112,,379
E00073264,229,121,,350
E00073266,217,102,,319
E00073267,206,55,,261
E00073268,288,100,,388
E00073269,254,127,,381
E00073270,225,147,,372
E00073271,316,135,,451
E00073272,246,87,,333
E00073273,210,55,,265
E00073274,494,86,,580
E00073276,195,114,,309
E00073277,225,77,,302
E00073278,267,100,,367
E00073280,228,123,,351
E00073281,253,140,,393
E00073282,237,161,,398
E00073283,241,80,,321
E00073284,152,47,,199
E00073285,254,101,,355
E00073286,249,72,,321
E00073287,216,56,,272
E00073288,240,66,,306
E00073289,240,97,,337
E00073290,233,62,,295
E00073291,251,63,,314
E00073292,363,153,,516
E00073293,262,112,,374
E00073294,259,151,,410
E00073295,239,75,,314
E00073296,217,69,,286
E00073297,230,115,,345
E00073298,287,115,,402
E00073299,261,88,,349
E00073300,191,54,,245
E00073301,306,47,,353
E00073302,233,105,,338
E00073303,295,102,,397
E00073304,237,59,,296
E00073305,241,43,,284
E00073306,211,41,,252
E00073307,224,52,,276
E00073308,240,70,,310
E00073309,228,50,,278
E00073310,280,72,,352
E00073311,234,61,,295
E00073312,260,89,,349
E00073313,272,74,,346
E00073314,160,89,,249
E00073315,139,41,,180
E00073316,202,86,,288
E00073317,203,63,,266
E00073318,256,88,,344
E00073319,360,73,,433
E00073320,286,57,,343
E00073321,246,51,,297
E00073322,259,46,,305
E00073323,208,43,,251
E00073324,270,81,,351
E00073325,285,63,,348
E00073326,249,37,,286
E00073327,261,74,,335
E00073328,287,47,,334
E00073329,247,41,,288
E00073330,283,83,,366
E00073331,331,80,,411
E00073332,241,38,,279
E00073333,251,31,,282
E00073334,235,61,,296
E00073335,333,87,,420
E00073336,238,49,,287
E00073337,224,74,,298
E00073338,227,27,,254
E00073339,240,34,,274
E00073340,207,26,,233
E00073341,231,44,,275
E00073342,313,81,,394
E00073343,301,57,,358
E00073344,204,35,,239
E00073345,142,24,,166
E00073346,270,45,,315
E00073347,154,18,,172
E00073348,221,28,,249
E00073349,228,78,,306
E00073350,282,46,,328
E00073351,257,83,,340
E00073352,200,48,,248
E00073353,282,48,,330
E00073354,243,78,,321
E00073355,263,77,,340
E00073356,303,59,,362
E00073357,240,68,,308
E00073358,254,55,,309
E00073359,258,51,,309
E00073360,211,43,,254
E00073361,278,33,,311
E00073362,325,73,,398
E00073363,265,59,,324
E00073364,227,59,,286
E00073365,237,63,,300
E00073366,322,57,,379
E00073367,249,40,,289
E00073368,232,52,,284
E00073369,235,72,,307
E00073370,205,18,,223
E00073371,171,14,,185
E00073372,174,63,,237
E00073373,212,50,,262
E00073374,257,56,,313
E00073375,255,55,,310
E00073376,215,43,,258
E00073377,215,50,,265
E00073378,224,38,,262
E00073379,307,47,,354
E00073380,298,65,,363
E00073381,313,80,,393
E00073382,302,68,,370
E00073383,207,48,,255
E00073384,373,87,,460
E00073385,277,56,,333
E00073386,305,59,,364
E00073387,193,31,,224
E00073388,231,71,,302
E00073389,272,40,,312
E00073390,258,62,,320
E00073391,250,47,,297
E00073392,302,69,,371
E00073393,236,52,,288
E00073394,347,72,,419
E00073395,226,88,,314
E00073397,214,46,,260
E00073398,221,42,,263
E00073399,236,65,,301
E00073400,237,51,,288
E00073401,237,33,,270
E00073402,218,29,,247
E00073403,253,41,,294
E00073404,246,29,,275
E00073405,272,63,,335
E00073406,233,42,,275
E00073407,255,58,,313
E00073408,274,58,,332
E00073409,233,41,,274
E00073410,241,28,,269
E00073411,252,54,,306
E00073412,284,78,,362
E00073413,224,59,,283
E00073414,204,110,,314
E00073415,136,167,,303
E00073416,196,98,,294
E00073419,232,62,,294
E00073420,78,136,,214
E00073421,92,317,,409
E00073422,163,48,,211
E00073423,155,95,,250
E00073424,168,85,,253
E00073425,150,235,,385
E00073426,102,263,,365
E00073431,199,302,,501
E00073432,117,41,,158
E00073433,157,371,,528
E00073437,188,19,,207
E00073439,224,28,,252
E00073440,209,56,,265
E00073441,180,60,,240
E00073442,291,110,,401
E00073443,208,49,,257
E00073444,166,70,,236
E00073445,149,112,,261
E00073446,197,224,,421
E00073447,180,71,,251
E00073448,185,105,,290
E00073449,164,39,,203
E00073450,202,60,,262
E00073451,237,33,,270
E00073452,229,38,,267
E00073453,197,110,,307
E00073454,254,70,,324
E00073455,238,73,,311
E00073456,215,49,,264
E00073457,182,33,,215
E00073458,247,33,,280
E00073461,172,35,,207
E00073462,226,152,,378
E00073463,172,27,,199
E00073464,229,317,,546
E00073465,249,92,,341
E00073466,243,175,,418
E00073467,217,51,,268
E00073468,267,66,,333
E00073469,192,38,,230
E00073470,286,68,,354
E00073471,158,38,,196
E00073472,200,59,,259
E00073473,133,318,,451
E00073474,131,39,,170
E00073476,186,82,,268
E00073477,211,54,,265
E00073478,189,40,,229
E00073479,183,63,,246
E00073480,235,42,,277
E00073481,326,146,,472
E00073482,237,150,,387
E00073483,212,128,,340
E00073484,200,46,,246
E00073485,133,93,,226
E00073486,271,101,,372
E00073487,161,124,,285
E00073488,144,128,,272
E00073489,187,33,,220
E00073490,199,69,,268
E00073491,183,145,,328
E00073492,221,69,,290
E00073493,193,138,,331
E00073494,161,199,,360
E00073495,145,283,,428
E00073496,222,296,,518
E00073497,181,82,,263
E00073498,189,47,,236
E00073499,175,62,,237
E00073500,197,227,,424
E00073501,203,132,,335
E00073502,230,140,,370
E00073503,208,31,,239
E00073504,163,173,,336
E00073505,113,99,,212
E00073506,204,75,,279
E00073507,134,29,,163
E00073508,160,85,,245
E00073509,215,86,,301
E00073510,165,114,,279
E00073511,192,62,,254
E00073512,208,119,,327
E00073513,220,67,,287
E00073514,173,185,,358
E00073515,217,72,,289
E00073516,205,151,,356
E00073517,189,82,,271
E00073518,176,59,,235
E00073519,167,179,,346
E00073520,245,71,,316
E00073521,161,175,,336
E00073522,204,104,,308
E00073523,199,46,,245
E00073524,194,97,,291
E00073525,249,72,,321
E00073526,145,165,,310
E00073527,155,171,,326
E00073528,222,106,,328
E00073529,138,175,,313
E00073530,208,134,,342
E00073531,235,94,,329
E00073532,284,241,,525
E00073533,206,91,,297
E00073534,188,93,,281
E00073535,164,45,,209
E00073536,188,24,,212
E00073537,248,98,,346
E00073538,208,52,,260
E00073539,168,36,,204
E00073540,158,48,,206
E00073541,195,124,,319
E00073542,174,110,,284
E00073543,193,123,,316
E00073544,194,78,,272
E00073545,259,136,,395
E00073546,154,254,,408
E00073547,219,36,,255
E00073548,179,253,,432
E00073549,246,40,,286
E00073550,165,163,,328
E00073551,144,191,,335
E00073552,214,70,,284
E00073553,168,100,,268
E00073554,149,132,,281
E00073555,189,72,,261
E00073556,103,150,,253
E00073557,188,169,,357
E00073558,217,108,,325
E00073559,268,60,,328
E00073560,269,32,,301
E00073561,341,113,,454
E00073562,327,86,,413
E00073563,319,64,,383
E00073564,269,58,,327
E00073565,467,105,,572
E00073566,183,47,,230
E00073567,255,38,,293
E00073568,289,75,,364
E00073569,344,75,,419
E00073570,273,57,,330
E00073571,301,81,,382
E00073572,252,82,,334
E00073573,396,114,,510
E00073574,283,72,,355
E00073575,365,110,,475
E00073576,313,75,,388
E00073577,274,62,,336
E00073578,291,86,,377
E00073579,223,21,,244
E00073580,306,76,,382
E00073581,250,51,,301
E00073582,259,57,,316
E00073583,268,26,,294
E00073584,270,59,,329
E00073585,286,40,,326
E00073586,239,24,,263
E00073587,263,33,,296
E00073588,158,21,,179
E00073589,118,12,,130
E00073590,351,76,,427
E00073591,205,21,,226
E00073592,221,47,,268
E00073593,226,26,,252
E00073594,249,37,,286
E00073595,253,31,,284
E00073596,264,33,,297
E00073597,436,96,,532
E00073598,276,56,,332
E00073599,200,24,,224
E00073600,227,212,,439
E00073601,198,62,,260
E00073602,253,68,,321
E00073603,254,73,,327
E00073604,292,85,,377
E00073605,202,44,,246
E00073606,312,75,,387
E00073607,232,48,,280
E00073608,224,64,,288
E00073609,256,46,,302
E00073611,289,86,,375
E00073612,264,64,,328
E00073613,191,89,,280
E00073614,418,111,,529
E00073615,304,62,,366
E00073616,268,45,,313
E00073617,211,38,,249
E00073618,259,43,,302
E00073619,274,85,,359
E00073620,217,82,,299
E00073621,282,74,,356
E00073622,172,124,,296
E00073623,258,79,,337
E00073624,158,97,,255
E00073625,198,141,,339
E00073626,236,54,,290
E00073627,309,98,,407
E00073628,167,42,,209
E00073629,287,78,,365
E00073630,329,102,,431
E00073631,254,65,,319
E00073632,272,116,,388
E00073633,207,40,,247
E00073634,353,117,,470
E00073635,273,67,,340
E00073636,260,104,,364
E00073637,267,74,,341
E00073638,249,83,,332
E00073639,275,70,,345
E00073640,257,76,,333
E00073641,255,106,,361
E00073642,260,103,,363
E00073643,273,99,,372
E00073644,270,98,,368
E00073645,218,142,,360
E00073646,356,175,,531
E00073647,276,85,,361
E00073648,252,139,,391
E00073649,251,89,,340
E00073650,247,101,,348
E00073651,320,85,,405
E00073652,241,78,,319
E00073653,167,32,,199
E00073654,237,90,,327
E00073655,291,128,,419
E00073656,270,76,,346
E00073657,217,76,,293
E00073658,222,78,,300
E00073659,220,84,,304
E00073660,274,95,,369
E00073662,249,62,,311
E00073663,240,63,,303
E00073664,180,12,,192
E00073665,254,43,,297
E00073666,305,69,,374
E00073667,352,107,,459
E00073668,224,82,,306
E00073669,186,75,,261
E00073670,199,33,,232
E00073671,250,99,,349
E00073672,244,106,,350
E00073673,191,36,,227
E00073674,262,50,,312
E00073675,205,47,,252
E00073676,292,144,,436
E00073677,234,93,,327
E00073678,181,81,,262
E00073679,177,16,,193
E00073680,194,71,,265
E00073681,193,309,,502
E00073682,269,73,,342
E00073683,289,86,,375
E00073684,219,95,,314
E00073685,208,98,,306
E00073688,219,97,,316
E00073689,243,51,,294
E00073690,234,114,,348
E00073691,221,94,,315
E00073692,285,106,,391
E00073693,346,104,,450
E00073695,236,65,,301
E00073696,241,59,,300
E00073697,252,78,,330
E00073698,346,113,,459
E00073699,245,81,,326
E00073700,204,47,,251
E00073701,213,16,,229
E00073702,199,77,,276
E00073703,185,57,,242
E00073704,218,25,,243
E00073705,247,29,,276
E00073706,261,87,,348
E00073707,205,58,,263
E00073708,240,54,,294
E00073709,210,87,,297
E00073710,208,42,,250
E00073711,310,77,,387
E00073712,203,104,,307
E00073713,300,73,,373
E00073714,214,64,,278
E00073715,291,86,,377
E00073716,179,55,,234
E00073717,212,82,,294
E00073718,254,90,,344
E00073719,337,43,,380
E00073720,263,100,,363
E00073721,217,37,,254
E00073722,293,79,,372
E00073723,268,46,,314
E00073724,326,150,,476
E00073725,209,43,,252
E00073726,196,43,,239
E00073727,187,35,,222
E00073728,243,48,,291
E00073729,202,48,,250
E00073730,218,65,,283
E00073731,222,48,,270
E00073732,202,46,,248
E00073733,197,44,,241
E00073734,217,28,,245
E00073735,236,57,,293
E00073736,215,41,,256
E00073737,243,55,,298
E00073738,249,61,,310
E00073739,276,68,,344
E00073740,232,67,,299
E00073741,226,35,,261
E00073743,279,48,,327
E00073744,253,92,,345
E00073745,174,119,,293
E00073746,199,38,,237
E00073747,242,41,,283
E00073748,393,170,,563
E00073749,234,41,,275
E00073750,200,71,,271
E00073751,237,68,,305
E00073752,414,115,,529
E00073754,292,69,,361
E00073755,191,66,,257
E00073756,147,9,,156
E00073757,229,40,,269
E00073758,264,122,,386
E00073759,266,79,,345
E00073760,258,49,,307
E00073761,293,82,,375
E00073762,217,38,,255
E00073763,245,59,,304
E00073764,268,82,,350
E00073765,218,48,,266
E00073766,239,79,,318
E00073767,284,91,,375
E00073768,258,96,,354
E00073769,233,40,,273
E00073770,209,53,,262
E00073771,235,72,,307
E00073772,238,73,,311
E00073773,231,62,,293
E00073774,323,68,,391
E00073775,292,93,,385
E00073776,220,37,,257
E00073777,215,40,,255
E00073778,248,62,,310
E00073779,228,25,,253
E00073780,174,30,,204
E00073781,260,58,,318
E00073782,304,84,,388
E00073783,281,63,,344
E00073784,396,102,,498
E00073785,302,50,,352
E00073786,325,108,,433
E00073787,271,87,,358
E00073788,275,48,,323
E00073789,252,61,,313
E00073790,317,91,,408
E00073791,202,35,,237
E00073792,278,107,,385
E00073793,280,61,,341
E00073794,257,56,,313
E00073795,272,48,,320
E00073796,220,37,,257
E00073797,214,36,,250
E00073798,246,57,,303
E00073799,266,87,,353
E00073800,202,40,,242
E00073801,237,40,,277
E00073802,236,64,,300
E00073803,238,80,,318
E00073804,198,43,,241
E00073805,219,67,,286
E00073806,225,28,,253
E00073807,251,48,,299
E00073808,218,35,,253
E00073809,255,38,,293
E00073810,226,51,,277
E00073811,248,68,,316
E00073812,236,46,,282
E00073813,248,41,,289
E00073814,306,45,,351
E00073815,317,82,,399
E00073816,229,35,,264
E00073817,288,72,,360
E00073818,266,60,,326
E00073819,230,37,,267
E00073820,218,41,,259
E00073821,192,31,,223
E00073822,287,112,,399
E00073823,204,32,,236
E00073824,249,66,,315
E00073825,244,92,,336
E00073826,248,78,,326
E00073827,267,102,,369
E00073828,214,44,,258
E00073829,187,49,,236
E00073830,220,112,,332
E00073831,208,83,,291
E00073832,206,59,,265
E00073833,261,74,,335
E00073834,227,38,,265
E00073835,240,59,,299
E00073836,158,37,,195
E00073837,245,49,,294
E00073838,254,65,,319
E00073839,230,85,,315
E00073840,244,85,,329
E00073841,235,77,,312
E00073842,258,63,,321
E00073843,273,68,,341
E00073844,250,83,,333
E00073845,249,62,,311
E00073846,224,58,,282
E00073847,238,70,,308
E00073848,239,79,,318
E00073849,269,92,,361
E00073850,218,71,,289
E00073851,207,57,,264
E00073852,234,67,,301
E00073853,246,69,,315
E00073854,241,57,,298
E00073855,204,30,,234
E00073856,246,67,,313
E00073857,294,88,,382
E00073858,237,51,,288
E00073859,420,109,,529
E00073860,141,30,,171
E00073861,296,64,,360
E00073862,423,91,,514
E00073864,402,85,,487
E00073865,263,51,,314
E00073866,264,50,,314
E00073867,228,61,,289
E00073868,213,64,,277
E00073869,228,79,,307
E00073870,252,99,,351
E00073871,186,95,,281
E00073872,306,48,,354
E00073873,269,102,,371
E00073874,259,109,,368
E00073875,278,98,,376
E00073876,260,103,,363
E00073877,280,73,,353
E00073878,216,62,,278
E00073879,289,103,,392
E00073880,275,91,,366
E00073881,283,94,,377
E00073882,246,70,,316
E00073883,249,118,,367
E00073884,207,70,,277
E00073885,250,48,,298
E00073886,265,56,,321
E00073887,302,101,,403
E00073888,260,108,,368
E00073889,224,71,,295
E00073890,239,98,,337
E00073891,271,85,,356
E00073892,208,90,,298
E00073893,239,125,,364
E00073894,255,126,,381
E00073895,225,57,,282
E00073896,233,91,,324
E00073897,251,61,,312
E00073898,273,96,,369
E00073899,271,79,,350
E00073900,269,62,,331
E00073901,253,132,,385
E00073902,211,86,,297
E00073904,257,144,,401
E00073905,419,127,,546
E00073906,277,45,,322
E00073907,264,62,,326
E00073908,217,76,,293
E00073909,211,57,,268
E00073910,191,58,,249
E00073911,214,79,,293
E00073912,275,118,,393
E00073913,260,65,,325
E00073914,251,94,,345
E00073915,238,254,,492
E00073916,243,69,,312
E00073917,305,41,,346
E00073918,279,39,,318
E00073919,285,98,,383
E00073921,189,60,,249
E00073922,270,48,,318
E00073923,292,51,,343
E00073925,258,112,,370
E00073926,311,85,,396
E00073927,274,63,,337
E00073928,201,158,,359
E00073929,225,45,,270
E00073930,222,59,,281
E00073931,207,64,,271
E00073932,238,58,,296
E00073933,182,51,,233
E00073934,213,38,,251
E00073935,248,76,,324
E00073936,189,71,,260
E00073937,243,89,,332
E00073938,185,63,,248
E00073939,261,95,,356
E00073940,174,42,,216
E00073941,231,97,,328
E00073942,195,94,,289
E00073943,260,74,,334
E00073944,176,91,,267
E00073945,217,94,,311
E00073946,263,92,,355
E00073947,232,59,,291
E00073948,194,78,,272
E00073949,192,40,,232
E00073950,243,66,,309
E00073951,209,44,,253
E00073952,196,37,,233
E00073953,203,34,,237
E00073954,214,49,,263
E00073955,278,63,,341
E00073956,234,61,,295
E00073957,218,59,,277
E00073958,249,46,,295
E00073959,259,83,,342
E00073960,241,46,,287
E00073961,253,78,,331
E00073962,240,54,,294
E00073963,291,56,,347
E00073964,261,99,,360
E00073965,244,70,,314
E00073966,203,75,,278
E00073967,241,54,,295
E00073968,256,55,,311
E00073969,264,30,,294
E00073970,246,66,,312
E00073971,255,82,,337
E00073972,239,77,,316
E00073973,296,72,,368
E00073974,339,78,,417
E00073975,233,66,,299
E00073976,238,51,,289
E00073977,310,70,,380
E00073978,245,62,,307
E00073979,236,51,,287
E00073980,255,60,,315
E00073981,233,67,,300
E00073982,255,27,,282
E00073983,280,74,,354
E00073984,285,87,,372
E00073985,235,65,,300
E00073986,246,53,,299
E00073987,270,66,,336
E00073988,247,69,,316
E00073989,292,78,,370
E00073990,287,63,,350
E00073991,328,70,,398
E00073992,279,51,,330
E00073993,267,74,,341
E00073994,260,73,,333
E00073995,256,63,,319
E00073996,271,48,,319
E00073997,189,27,,216
E00073998,278,106,,384
E00073999,252,116,,368
E00074000,234,88,,322
E00074001,233,79,,312
E00074002,251,36,,287
E00074003,355,122,,477
E00074006,254,122,,376
E00074007,214,15,,229
E00074008,190,9,,199
E00074009,257,110,,367
E00074010,296,153,,449
E00074011,215,63,,278
E00074012,198,42,,240
E00074013,258,92,,350
E00074014,292,76,,368
E00074016,264,126,,390
E00074018,336,161,,497
E00074019,260,101,,361
E00074020,326,114,,440
E00074021,233,139,,372
E00074022,349,106,,455
E00074023,380,161,,541
E00074024,293,114,,407
E00074025,319,125,,444
E00074026,372,93,,465
E00074027,213,99,,312
E00074028,302,206,,508
E00074029,299,205,,504
E00074030,160,37,,197
E00074032,226,118,,344
E00074033,241,173,,414
E00074034,218,104,,322
E00074037,176,101,,277
E00074038,198,112,,310
E00074041,203,105,,308
E00074042,163,94,,257
E00074045,211,108,,319
E00074046,338,124,,462
E00074047,224,99,,323
E00074048,223,83,,306
E00074049,260,83,,343
E00074050,170,35,,205
E00074051,291,76,,367
E00074052,235,71,,306
E00074053,306,81,,387
E00074054,273,139,,412
E00074055,364,143,,507
E00074056,286,74,,360
E00074057,317,89,,406
E00074058,294,132,,426
E00074060,292,126,,418
E00074061,266,121,,387
E00074062,259,83,,342
E00074063,226,90,,316
E00074064,238,52,,290
E00074065,224,60,,284
E00074066,228,81,,309
E00074067,218,62,,280
E00074068,179,42,,221
E00074069,230,74,,304
E00074070,233,67,,300
E00074071,135,32,,167
E00074072,253,105,,358
E00074073,226,96,,322
E00074074,234,94,,328
E00074075,210,93,,303
E00074076,223,86,,309
E00074077,263,105,,368
E00074078,227,85,,312
E00074079,245,78,,323
E00074080,189,95,,284
E00074081,378,106,,484
E00074082,207,74,,281
E00074083,203,111,,314
E00074084,188,69,,257
E00074085,190,59,,249
E00074086,208,65,,273
E00074087,257,99,,356
E00074088,289,258,,547
E00074089,217,114,,331
E00074090,230,79,,309
E00074091,204,76,,280
E00074092,184,54,,238
E00074093,287,125,,412
E00074094,254,99,,353
E00074095,241,119,,360
E00074096,219,111,,330
E00074097,238,110,,348
E00074098,230,80,,310
E00074099,214,66,,280
E00074100,234,100,,334
E00074101,287,28,,315
E00074102,205,77,,282
E00074103,255,86,,341
E00074104,243,79,,322
E00074105,319,67,,386
E00074106,219,100,,319
E00074107,198,34,,232
E00074108,235,113,,348
E00074109,286,141,,427
E00074110,240,64,,304
E00074111,225,51,,276
E00074112,182,150,,332
E00074113,218,76,,294
E00074114,243,83,,326
E00074115,298,62,,360
E00074116,337,73,,410
E00074117,241,42,,283
E00074118,233,61,,294
E00074119,321,44,,365
E00074120,300,55,,355
E00074121,283,52,,335
E00074122,187,20,,207
E00074123,268,72,,340
E00074124,238,67,,305
E00074125,267,45,,312
E00074126,293,68,,361
E00074127,229,42,,271
E00074128,251,54,,305
E00074129,251,60,,311
E00074130,281,56,,337
E00074131,279,62,,341
E00074132,246,60,,306
E00074133,229,31,,260
E00074134,249,44,,293
E00074135,295,56,,351
E00074136,265,35,,300
E00074137,233,20,,253
E00074138,241,41,,282
E00074139,262,43,,305
E00074140,214,28,,242
E00074141,266,53,,319
E00074142,257,56,,313
E00074143,282,79,,361
E00074144,253,49,,302
E00074145,243,49,,292
E00074146,296,58,,354
E00074147,318,61,,379
E00074148,243,45,,288
E00074149,351,87,,438
E00074150,182,64,,246
E00074151,274,58,,332
E00074152,220,46,,266
E00074153,244,30,,274
E00074154,267,83,,350
E00074155,264,72,,336
E00074156,285,41,,326
E00074157,240,54,,294
E00074158,259,42,,301
E00074159,256,107,,363
E00074160,255,72,,327
E00074161,360,87,,447
E00074162,231,76,,307
E00074163,240,50,,290
E00074164,233,61,,294
E00074165,261,94,,355
E00074166,318,67,,385
E00074167,209,65,,274
E00074168,232,33,,265
E00074169,249,52,,301
E00074170,289,74,,363
E00074171,246,31,,277
E00074172,265,53,,318
E00074173,269,41,,310
E00074174,345,47,,392
E00074175,323,78,,401
E00074176,242,42,,284
E00074177,208,43,,251
E00074178,272,30,,302
E00074179,288,65,,353
E00074180,332,45,,377
E00074181,329,40,,369
E00074182,211,27,,238
E00074183,221,48,,269
E00074184,237,57,,294
E00074185,229,25,,254
E00074186,281,40,,321
E00074187,236,34,,270
E00074188,177,35,,212
E00074189,221,40,,261
E00074190,273,51,,324
E00074191,343,36,,379
E00074193,257,108,,365
E00074194,171,31,,202
E00074195,229,43,,272
E00074197,203,56,,259
E00074198,275,62,,337
E00074199,283,90,,373
E00074200,243,101,,344
E00074201,322,150,,472
E00074202,322,87,,409
E00074203,169,19,,188
E00074204,345,126,,471
E00074205,247,70,,317
E00074206,224,98,,322
E00074207,266,103,,369
E00074208,270,72,,342
E00074209,307,121,,428
E00074210,260,132,,392
E00074211,254,98,,352
E00074212,252,82,,334
E00074213,372,47,,419
E00074214,312,89,,401
E00074215,282,124,,406
E00074216,237,64,,301
E00074217,256,73,,329
E00074218,213,52,,265
E00074219,288,102,,390
E00074220,322,97,,419
E00074221,233,97,,330
E00074222,177,47,,224
E00074223,230,36,,266
E00074224,194,35,,229
E00074225,243,44,,287
E00074226,229,42,,271
E00074227,250,53,,303
E00074228,265,25,,290
E00074229,241,32,,273
E00074230,326,74,,400
E00074231,235,61,,296
E00074232,180,19,,199
E00074233,183,54,,237
E00074234,225,44,,269
E00074235,232,29,,261
E00074236,281,45,,326
E00074237,348,66,,414
E00074238,272,42,,314
E00074240,300,89,,389
E00074241,252,119,,371
E00074243,267,60,,327
E00074244,317,34,,351
E00074245,226,69,,295
E00074246,254,70,,324
E00074247,317,59,,376
E00074248,241,67,,308
E00074250,231,70,,301
E00074251,243,63,,306
E00074252,228,48,,276
E00074253,244,57,,301
E00074254,219,36,,255
E00074255,169,3,,172
E00074256,248,46,,294
E00074257,285,42,,327
E00074258,394,63,,457
E00074259,205,19,,224
E00074260,255,59,,314
E00074261,296,40,,336
E00074262,276,56,,332
E00074263,266,67,,333
E00074264,358,62,,420
E00074265,290,54,,344
E00074266,236,32,,268
E00074267,224,46,,270
E00074268,255,75,,330
E00074269,232,37,,269
E00074270,247,48,,295
E00074271,262,22,,284
E00074272,211,42,,253
E00074273,254,58,,312
E00074274,210,39,,249
E00074275,333,69,,402
E00074276,280,65,,345
E00074277,267,48,,315
E00074278,233,47,,280
E00074279,352,100,,452
E00074280,220,38,,258
E00074281,219,38,,257
E00074282,270,49,,319
E00074283,253,47,,300
E00074284,176,20,,196
E00074285,245,42,,287
E00074286,194,32,,226
E00074287,224,52,,276
E00074288,340,61,,401
E00074289,214,54,,268
E00074290,206,71,,277
E00074291,185,43,,228
E00074292,254,37,,291
E00074293,284,54,,338
E00074294,194,31,,225
E00074295,267,94,,361
E00074296,272,46,,318
E00074297,355,74,,429
E00074298,220,33,,253
E00074299,220,58,,278
E00074300,310,65,,375
E00074301,246,79,,325
E00074302,283,78,,361
E00074303,189,28,,217
E00074304,209,45,,254
E00074306,216,31,,247
E00074307,264,65,,329
E00074308,225,49,,274
E00074309,232,81,,313
E00074310,233,35,,268
E00074311,170,23,,193
E00074312,183,29,,212
E00074314,217,50,,267
E00074315,223,46,,269
E00074316,240,57,,297
E00074317,238,82,,320
E00074318,237,40,,277
E00074319,252,75,,327
E00074320,271,66,,337
E00074321,243,49,,292
E00074322,258,97,,355
E00074323,251,58,,309
E00074324,231,58,,289
E00074325,186,44,,230
E00074326,193,36,,229
E00074327,175,2,,177
E00074328,212,54,,266
E00074329,234,84,,318
E00074330,313,48,,361
E00074331,253,190,,443
E00074332,248,83,,331
E00074333,333,42,,375
E00074334,227,39,,266
E00074335,216,78,,294
E00074336,306,37,,343
E00074337,212,47,,259
E00074338,246,62,,308
E00074339,236,65,,301
E00074340,248,75,,323
E00074341,241,74,,315
E00074342,293,72,,365
E00074343,190,35,,225
E00074344,182,36,,218
E00074345,205,53,,258
E00074346,203,29,,232
E00074347,239,77,,316
E00074348,174,25,,199
E00074349,229,53,,282
E00074350,226,47,,273
E00074351,226,38,,264
E00074352,231,68,,299
E00074353,229,53,,282
E00074354,227,60,,287
E00074355,218,67,,285
E00074356,226,65,,291
E00074357,245,73,,318
E00074358,240,86,,326
E00074359,212,38,,250
E00074360,235,88,,323
E00074361,239,107,,346
E00074362,265,82,,347
E00074363,244,57,,301
E00074364,230,90,,320
E00074365,251,38,,289
E00074366,270,61,,331
E00074367,288,82,,370
E00074368,266,53,,319
E00074369,195,60,,255
E00074371,188,59,,247
E00074372,208,72,,280
E00074373,293,65,,358
E00074374,196,75,,271
E00074375,264,108,,372
E00074376,273,35,,308
E00074377,257,106,,363
E00074378,249,42,,291
E00074379,241,44,,285
E00074380,240,27,,267
E00074381,197,56,,253
E00074382,253,33,,286
E00074383,206,49,,255
E00074384,212,72,,284
E00074385,230,88,,318
E00074386,264,40,,304
E00074387,202,40,,242
E00074388,218,27,,245
E00074389,222,72,,294
E00074390,137,56,,193
E00074391,187,81,,268
E00074392,217,89,,306
E00074393,224,112,,336
E00074394,188,29,,217
E00074395,224,96,,320
E00074396,251,56,,307
E00074397,237,89,,326
E00074398,278,46,,324
E00074399,280,59,,339
E00074400,366,122,,488
E00074401,331,74,,405
E00074402,288,56,,344
E00074403,328,51,,379
E00074404,276,61,,337
E00074405,303,64,,367
E00074406,308,103,,411
E00074407,376,87,,463
E00074408,338,87,,425
E00074411,441,85,,526
E00074412,222,77,,299
E00074413,277,45,,322
E00074414,227,38,,265
E00074415,250,45,,295
E00074416,281,49,,330
E00074417,266,25,,291
E00074418,206,18,,224
E00074419,246,28,,274
E00074420,302,37,,339
E00074421,239,37,,276
E00074422,231,41,,272
E00074423,263,51,,314
E00074424,197,31,,228
E00074425,230,44,,274
E00074426,233,34,,267
E00074427,265,30,,295
E00074428,257,34,,291
E00074429,276,54,,330
E00074430,260,54,,314
E00074431,351,112,,463
E00074432,283,44,,327
E00074433,250,77,,327
E00074434,224,57,,281
E00074435,263,33,,296
E00074436,305,69,,374
E00074437,282,70,,352
E00074438,298,94,,392
E00074439,162,62,,224
E00165771,274,177,,451
E00165772,96,40,,136
E00174043,117,281,,398
E00174044,238,95,,333
E00174046,157,184,,341
E00174053,258,58,,316
E00174058,223,78,,301
E00174214,190,50,,240
E00174215,197,66,,263
E00174218,272,148,,420
E00174220,100,29,,129
E00174221,159,47,,206
E00174225,128,30,,158
E00174226,225,91,,316
E00174228,190,127,,317
E00174229,340,140,,480
E00174231,98,250,,348
E00174232,272,43,,315
E00174234,318,37,,355
E00174237,222,93,,315
E00174239,76,19,,95
E00174243,207,105,,312
E00174245,161,25,,186
E00174246,164,81,,245
E00174248,157,26,,183
E00174249,153,315,,468
E00174251,395,124,,519
E00174253,204,33,,237
E00174254,189,65,,254
E00174256,238,35,,273
E00174257,299,49,,348
E00174259,260,55,,315
E00174260,158,37,,195
E00174262,230,82,,312
E00174263,139,28,,167
E00174273,223,68,,291
E00174275,150,20,,170
E00174276,213,22,,235
E00174277,236,14,,250
E00174278,378,18,,396
E00174279,158,70,,228
E00174280,194,60,,254
E00174281,200,61,,261
E00174282,316,53,,369
E00174283,243,60,,303
E00174284,213,85,,298
E00174286,210,35,,245
E00174287,155,31,,186
E00174288,208,89,,297
E00174289,204,52,,256
E00174290,188,134,,322
E00174291,272,40,,312
E00174292,250,22,,272
E00174293,204,327,,531
E00174294,253,131,,384
E00174295,121,754,,875
E00174296,237,127,,364
E00174298,65,308,,373
E00174299,259,21,,280
E00174300,189,21,,210
E00174302,114,30,,144
E00174303,186,9,,195
E00174304,177,31,,208
E00174305,138,50,,188
E00174306,203,79,,282
E00174307,122,372,,494
E00174309,137,15,,152
E00174311,145,16,,161
E00174312,96,189,,285
E00174313,162,26,,188
E00174314,162,27,,189
E00174315,285,70,,355
E00174316,121,136,,257
E00174317,111,7,,118
E00174318,95,18,,113
E00174319,137,57,,194
E00174320,190,99,,289
E00174321,70,558,,628
E00174322,139,79,,218
E00174323,185,21,,206
E00174324,140,398,,538
E00174325,281,72,,353
E00174326,306,95,,401
E00174327,263,105,,368
E00174328,161,86,,247
E00174329,228,81,,309
E00174331,79,35,,114
E00174332,199,75,,274
E00174333,173,74,,247
E00178043,167,58,,225
E00178044,145,471,,616
E00178045,131,220,,351
E00178046,214,1446,,1660
E00178047,191,17,,208
E00178048,138,33,,171
E00178049,206,34,,240
E00178050,199,216,,415
E00178051,212,62,,274
E00178052,192,67,,259
E00178053,330,69,,399
E00178054,167,42,,209
E00178055,96,17,,113
E00178056,125,761,,886
E00178057,354,105,,459
E00178058,122,21,,143
E00178059,248,26,,274
E00178060,327,17,,344
E00178061,290,56,,346
E00178062,280,60,,340
E00178063,144,13,,157
E00178064,110,2041,,2151
E00178065,175,25,,200
E00178066,135,364,,499
E00178067,166,31,,197
E00178068,101,57,,158
E00178069,361,25,,386
E00178070,231,30,,261
E00178071,179,32,,211
E00178072,204,178,,382
E00178073,155,33,,188
E00178074,240,102,,342
E00178075,107,15,,122
E00178076,244,30,,274
E00178077,92,20,,112
E00178078,126,95,,221
E00178079,404,55,,459
E00178080,302,186,,488
E00178081,122,20,,142
E00178082,214,30,,244
E00178083,193,199,,392
E00178084,502,37,,539
E00178085,85,20,,105
E00178086,261,23,,284
E00178087,263,140,,403
E00178088,106,13,,119
E00178089,254,196,,450
E00178090,136,22,,158
E00178091,214,50,,264
E00178092,361,60,,421
E00178093,143,37,,180
E00178094,133,12,,145
E00178095,112,44,,156
E00178096,81,156,,237
E00178097,118,16,,134
E00178098,206,69,,275
E00178099,187,72,,259
E00178100,161,77,,238
E00178101,200,18,,218
E00178102,267,103,,370
E00178103,222,12,,234
E00178104,226,81,,307
E00178105,126,6,,132
E00178106,179,419,,598
E00178107,130,50,,180
E00178108,357,133,,490
E00178109,161,18,,179
E00178110,157,28,,185
E00178111,63,42,,105
E00178112,356,43,,399
E00178113,211,73,,284
E00178114,159,562,,721
E00178115,107,10,,117
E00178116,89,57,,146
E00178117,420,49,,469
E00178118,283,27,,310
E00178119,226,72,,298
